213 1
99 1
198 0
202 0
231 1
49 1
84 0
194 0
69 1
140 0
120 0
159 1
92 0
129 1
241 1
232 0
161 1
181 1
35 1
153 1
3 1
60 0
33 1
204 0
38 0
101 1
32 0
26 0
253 1
54 0
129 1
212 0
155 1
74 0
161 1
132 0
124 0
247 1
73 1
195 1
133 1
195 1
101 1
226 0
71 1
88 0
204 0
233 1
16 0
241 1
133 1
20 0
48 0
168 0
226 0
87 1
15 1
4 0
115 1
15 1
59 1
246 0
229 1
215 1
66 0
136 0
94 0
192 0
129 1
169 1
134 0
9 1
110 0
236 0
236 0
182 0
71 1
187 1
162 0
89 1
174 0
41 1
111 1
223 1
210 0
83 1
57 1
226 0
88 0
174 0
242 0
149 1
166 0
217 1
111 1
234 0
100 0
206 0
173 1
231 1
122 0
54 0
241 1
233 1
36 0
223 1
162 0
109 1
156 0
70 0
199 1
77 1
112 0
56 0
46 0
69 1
140 0
105 1
42 0
230 0
25 1
31 1
125 1
192 0
250 0
237 1
173 1
96 0
190 0
93 1
74 0
58 0
148 0
61 1
37 1
185 1
30 0
201 1
40 0
188 0
18 0
241 1
12 0
131 1
43 1
60 0
202 0
185 1
166 0
245 1
162 0
192 0
22 0
33 1
131 1
18 0
16 0
51 1
116 0
208 0
145 1
191 1
12 0
39 1
253 1
51 1
225 1
30 0
253 1
12 0
220 0
17 1
0 0
234 0
150 0
44 0
40 0
98 0
231 1
208 0
90 0
139 1
146 0
114 0
174 0
24 0
134 0
192 0
76 0
252 0
146 0
222 0
189 1
159 1
8 0
189 1
211 1
234 0
221 1
210 0
248 0
188 0
229 1
249 1
169 1
125 1
40 0
210 0
225 1
18 0
164 0
62 0
159 1
57 1
177 1
79 1
82 0
58 0
17 1
160 0
56 0
165 1
129 1
246 0
70 0
138 0
182 0
27 1
119 1
150 0
239 1
113 1
84 0
215 1
109 1
0 0
86 0
151 1
211 1
58 0
171 1
122 0
121 1
76 0
180 0
45 1
157 1
9 1
104 0
176 0
170 0
161 1
87 1
46 0
154 0
158 0
185 1
82 0
187 1
50 0
233 1
173 1
165 1
64 0
134 0
21 1
65 1
222 0
173 1
22 0
27 1
91 1
146 0
150 0
168 0
72 0
196 0
72 0
83 1
47 1
250 0
0 0
209 1
83 1
46 0
110 0
243 1
233 1
194 0
177 1
29 1
173 1
96 0
196 0
239 1
232 0
218 0
50 0
201 1
138 0
74 0
229 1
230 0
221 1
126 0
145 1
40 0
68 0
219 1
124 0
117 1
215 1
125 1
73 1
45 1
173 1
184 0
34 0
152 0
124 0
212 0
183 1
44 0
55 1
126 0
29 1
34 0
90 0
81 1
236 0
230 0
157 1
212 0
207 1
125 1
84 0
99 1
167 1
154 0
65 1
37 1
17 1
26 0
164 0
91 1
72 0
83 1
22 0
107 1
237 1
147 1
66 0
166 0
193 1
123 1
39 1
224 0
158 0
131 1
52 0
141 1
107 1
210 0
99 1
61 1
82 0
184 0
161 1
250 0
85 1
227 1
33 1
103 1
0 0
198 0
196 0
73 1
28 0
219 1
182 0
11 1
113 1
250 0
179 1
52 0
119 1
219 1
22 0
24 0
96 0
75 1
166 0
205 1
32 0
12 0
12 0
115 1
198 0
175 1
111 1
29 1
149 1
146 0
134 0
150 0
91 1
76 0
225 1
120 0
42 0
154 0
133 1
156 0
151 1
58 0
210 0
16 0
24 0
234 0
42 0
121 1
56 0
209 1
73 1
90 0
222 0
86 0
206 0
167 1
8 0
64 0
197 1
158 0
212 0
77 1
55 1
49 1
155 1
26 0
171 1
198 0
182 0
50 0
101 1
79 1
109 1
57 1
97 1
134 0
38 0
140 0
2 0
95 1
96 0
76 0
187 1
65 1
164 0
139 1
233 1
173 1
205 1
176 0
78 0
163 1
0 0
134 0
214 0
156 0
162 0
131 1
101 1
91 1
182 0
203 1
171 1
37 1
7 1
15 1
173 1
46 0
156 0
177 1
143 1
0 0
0 0
76 0
65 1
166 0
217 1
45 1
86 0
169 1
223 1
165 1
78 0
224 0
46 0
39 1
127 1
210 0
171 1
229 1
47 1
99 1
179 1
220 0
138 0
187 1
236 0
58 0
235 1
139 1
237 1
125 1
139 1
238 0
202 0
206 0
150 0
166 0
252 0
237 1
81 1
221 1
149 1
161 1
192 0
196 0
201 1
66 0
153 1
118 0
41 1
201 1
219 1
221 1
168 0
104 0
155 1
151 1
163 1
136 0
36 0
146 0
7 1
177 1
131 1
211 1
130 0
27 1
123 1
129 1
11 1
206 0
97 1
161 1
114 0
35 1
104 0
61 1
102 0
3 1
181 1
145 1
206 0
147 1
112 0
120 0
252 0
13 1
17 1
162 0
151 1
55 1
55 1
159 1
234 0
187 1
117 1
110 0
215 1
241 1
240 0
228 0
194 0
84 0
135 1
54 0
120 0
241 1
117 1
224 0
245 1
45 1
115 1
197 1
194 0
229 1
64 0
193 1
244 0
83 1
101 1
142 0
140 0
157 1
47 1
120 0
90 0
165 1
232 0
52 0
153 1
219 1
26 0
94 0
49 1
163 1
150 0
171 1
151 1
14 0
142 0
142 0
60 0
3 1
86 0
1 1
234 0
152 0
195 1
225 1
236 0
43 1
113 1
123 1
201 1
161 1
245 1
38 0
73 1
223 1
92 0
228 0
189 1
120 0
68 0
240 0
30 0
219 1
157 1
182 0
234 0
45 1
70 0
41 1
50 0
158 0
43 1
31 1
57 1
240 0
2 0
40 0
29 1
116 0
164 0
232 0
24 0
155 1
16 0
99 1
125 1
110 0
73 1
61 1
231 1
143 1
47 1
7 1
109 1
206 0
191 1
89 1
253 1
8 0
132 0
50 0
167 1
177 1
82 0
225 1
163 1
86 0
11 1
194 0
203 1
177 1
172 0
229 1
78 0
190 0
74 0
205 1
47 1
149 1
12 0
24 0
39 1
61 1
33 1
149 1
13 1
225 1
240 0
13 1
234 0
118 0
64 0
148 0
42 0
148 0
120 0
206 0
235 1
133 1
147 1
184 0
56 0
66 0
160 0
136 0
3 1
236 0
87 1
51 1
132 0
101 1
77 1
172 0
163 1
112 0
67 1
178 0
83 1
53 1
192 0
64 0
173 1
3 1
214 0
216 0
152 0
80 0
169 1
133 1
215 1
62 0
64 0
17 1
130 0
225 1
154 0
134 0
208 0
243 1
186 0
86 0
90 0
10 0
5 1
0 0
123 1
73 1
179 1
208 0
128 0
118 0
18 0
47 1
122 0
234 0
10 0
20 0
61 1
180 0
154 0
22 0
244 0
220 0
41 1
120 0
192 0
197 1
0 0
146 0
186 0
188 0
234 0
23 1
199 1
240 0
24 0
69 1
60 0
205 1
23 1
189 1
69 1
43 1
238 0
193 1
23 1
249 1
214 0
86 0
175 1
115 1
109 1
165 1
81 1
152 0
32 0
19 1
95 1
33 1
167 1
28 0
223 1
147 1
52 0
169 1
133 1
78 0
239 1
194 0
30 0
8 0
130 0
100 0
52 0
114 0
39 1
77 1
109 1
0 0
164 0
31 1
116 0
20 0
197 1
199 1
173 1
231 1
220 0
14 0
11 1
133 1
44 0
235 1
26 0
97 1
151 1
161 1
177 1
136 0
102 0
208 0
146 0
233 1
55 1
200 0
94 0
96 0
23 1
205 1
97 1
189 1
237 1
215 1
211 1
181 1
160 0
130 0
158 0
127 1
146 0
170 0
6 0
191 1
151 1
34 0
35 1
48 0
197 1
214 0
186 0
45 1
169 1
78 0
25 1
225 1
25 1
121 1
67 1
49 1
72 0
166 0
240 0
55 1
128 0
197 1
237 1
35 1
74 0
142 0
163 1
221 1
58 0
170 0
159 1
211 1
206 0
196 0
6 0
149 1
156 0
193 1
196 0
71 1
18 0
223 1
43 1
44 0
90 0
111 1
95 1
164 0
24 0
82 0
220 0
153 1
25 1
204 0
190 0
100 0
92 0
99 1
68 0
151 1
16 0
228 0
109 1
223 1
171 1
116 0
119 1
73 1
56 0
61 1
146 0
75 1
31 1
190 0
121 1
122 0
48 0
218 0
33 1
73 1
46 0
0 0
228 0
72 0
205 1
164 0
174 0
43 1
10 0
243 1
196 0
27 1
218 0
51 1
252 0
135 1
169 1
117 1
210 0
226 0
180 0
102 0
48 0
212 0
38 0
170 0
81 1
87 1
134 0
115 1
162 0
181 1
116 0
136 0
0 0
67 1
47 1
175 1
112 0
59 1
165 1
54 0
88 0
130 0
107 1
86 0
11 1
23 1
205 1
223 1
250 0
131 1
71 1
44 0
90 0
110 0
216 0
173 1
199 1
97 1
34 0
107 1
25 1
152 0
245 1
26 0
220 0
39 1
203 1
78 0
99 1
115 1
134 0
188 0
246 0
243 1
21 1
4 0
12 0
227 1
228 0
9 1
105 1
45 1
55 1
197 1
157 1
17 1
116 0
103 1
116 0
152 0
212 0
142 0
50 0
203 1
170 0
17 1
244 0
120 0
97 1
90 0
236 0
232 0
25 1
228 0
222 0
47 1
233 1
235 1
21 1
208 0
245 1
128 0
0 0
47 1
72 0
159 1
65 1
189 1
8 0
183 1
88 0
221 1
71 1
139 1
171 1
243 1
158 0
161 1
109 1
1 1
252 0
91 1
234 0
24 0
66 0
203 1
73 1
46 0
185 1
96 0
0 0
177 1
225 1
1 1
225 1
44 0
161 1
36 0
234 0
171 1
220 0
69 1
138 0
38 0
210 0
55 1
27 1
114 0
218 0
138 0
116 0
217 1
230 0
97 1
242 0
43 1
46 0
62 0
90 0
232 0
159 1
92 0
155 1
130 0
95 1
126 0
175 1
3 1
164 0
156 0
175 1
131 1
227 1
60 0
171 1
183 1
117 1
199 1
44 0
81 1
84 0
161 1
45 1
61 1
5 1
34 0
105 1
53 1
97 1
197 1
32 0
2 0
35 1
189 1
134 0
132 0
61 1
56 0
137 1
227 1
214 0
59 1
105 1
187 1
120 0
22 0
117 1
239 1
223 1
162 0
66 0
53 1
69 1
113 1
115 1
76 0
148 0
222 0
130 0
246 0
165 1
163 1
250 0
202 0
98 0
130 0
81 1
161 1
187 1
219 1
135 1
147 1
24 0
241 1
81 1
146 0
10 0
199 1
131 1
234 0
107 1
198 0
34 0
178 0
58 0
151 1
1 1
207 1
119 1
132 0
200 0
31 1
41 1
196 0
235 1
141 1
73 1
62 0
48 0
7 1
27 1
184 0
156 0
53 1
171 1
238 0
200 0
182 0
184 0
77 1
163 1
38 0
21 1
199 1
218 0
81 1
96 0
220 0
35 1
216 0
98 0
236 0
249 1
141 1
179 1
230 0
28 0
0 0
38 0
77 1
7 1
67 1
7 1
164 0
121 1
180 0
148 0
67 1
109 1
79 1
145 1
19 1
118 0
168 0
219 1
82 0
250 0
61 1
48 0
31 1
24 0
148 0
14 0
20 0
35 1
195 1
251 1
64 0
195 1
35 1
142 0
203 1
103 1
151 1
113 1
226 0
78 0
8 0
39 1
189 1
88 0
185 1
210 0
207 1
99 1
175 1
36 0
95 1
238 0
85 1
128 0
9 1
234 0
143 1
30 0
16 0
84 0
27 1
81 1
26 0
64 0
225 1
230 0
169 1
123 1
89 1
141 1
203 1
98 0
181 1
138 0
187 1
112 0
94 0
141 1
213 1
16 0
178 0
55 1
0 0
10 0
184 0
10 0
246 0
74 0
42 0
8 0
160 0
70 0
91 1
187 1
136 0
62 0
163 1
51 1
186 0
0 0
194 0
135 1
99 1
121 1
20 0
33 1
235 1
116 0
175 1
195 1
133 1
99 1
251 1
134 0
110 0
182 0
146 0
103 1
2 0
189 1
112 0
164 0
6 0
204 0
97 1
143 1
13 1
7 1
196 0
201 1
8 0
136 0
82 0
108 0
4 0
104 0
142 0
240 0
221 1
64 0
181 1
100 0
164 0
179 1
236 0
21 1
107 1
129 1
125 1
110 0
65 1
239 1
21 1
73 1
190 0
119 1
218 0
204 0
128 0
160 0
151 1
137 1
43 1
235 1
247 1
48 0
85 1
136 0
35 1
53 1
201 1
218 0
155 1
111 1
144 0
138 0
134 0
252 0
14 0
6 0
109 1
80 0
247 1
131 1
155 1
183 1
252 0
119 1
133 1
126 0
26 0
30 0
10 0
71 1
11 1
4 0
121 1
98 0
141 1
158 0
152 0
88 0
122 0
54 0
201 1
12 0
193 1
82 0
11 1
208 0
89 1
121 1
35 1
82 0
253 1
191 1
12 0
252 0
57 1
146 0
124 0
85 1
178 0
136 0
157 1
190 0
142 0
25 1
35 1
29 1
184 0
189 1
119 1
52 0
244 0
66 0
66 0
184 0
149 1
78 0
138 0
240 0
201 1
175 1
69 1
201 1
112 0
82 0
199 1
171 1
230 0
70 0
3 1
154 0
207 1
161 1
91 1
96 0
187 1
127 1
126 0
118 0
63 1
246 0
172 0
53 1
58 0
239 1
238 0
209 1
64 0
123 1
196 0
12 0
44 0
11 1
214 0
158 0
95 1
159 1
76 0
71 1
230 0
80 0
226 0
184 0
242 0
63 1
26 0
176 0
192 0
154 0
41 1
1 1
146 0
214 0
56 0
206 0
200 0
41 1
162 0
10 0
166 0
104 0
24 0
211 1
116 0
239 1
116 0
213 1
145 1
193 1
30 0
122 0
19 1
2 0
53 1
8 0
67 1
81 1
186 0
6 0
236 0
228 0
9 1
129 1
188 0
67 1
82 0
134 0
109 1
245 1
146 0
22 0
96 0
171 1
235 1
214 0
157 1
97 1
173 1
49 1
37 1
204 0
172 0
57 1
208 0
226 0
67 1
22 0
53 1
0 0
29 1
36 0
229 1
39 1
166 0
164 0
108 0
249 1
44 0
219 1
241 1
192 0
242 0
84 0
110 0
223 1
44 0
14 0
67 1
218 0
64 0
105 1
169 1
237 1
164 0
123 1
210 0
232 0
146 0
10 0
233 1
177 1
47 1
208 0
218 0
215 1
118 0
72 0
211 1
164 0
37 1
198 0
103 1
25 1
29 1
215 1
250 0
74 0
230 0
63 1
39 1
40 0
169 1
209 1
24 0
80 0
79 1
236 0
58 0
227 1
247 1
38 0
150 0
41 1
248 0
115 1
2 0
113 1
188 0
214 0
23 1
226 0
159 1
128 0
253 1
189 1
89 1
249 1
10 0
66 0
58 0
50 0
108 0
229 1
6 0
134 0
55 1
87 1
116 0
115 1
61 1
110 0
154 0
213 1
152 0
148 0
74 0
156 0
7 1
8 0
116 0
32 0
236 0
22 0
162 0
235 1
213 1
252 0
230 0
224 0
65 1
35 1
21 1
174 0
11 1
29 1
54 0
68 0
118 0
171 1
184 0
180 0
28 0
85 1
139 1
181 1
235 1
214 0
83 1
244 0
224 0
201 1
23 1
206 0
225 1
186 0
188 0
184 0
185 1
165 1
155 1
251 1
202 0
178 0
171 1
214 0
209 1
227 1
28 0
73 1
145 1
214 0
0 0
174 0
46 0
140 0
101 1
27 1
101 1
186 0
18 0
71 1
134 0
42 0
24 0
105 1
230 0
214 0
35 1
161 1
125 1
192 0
158 0
73 1
116 0
76 0
34 0
71 1
49 1
64 0
146 0
196 0
24 0
146 0
116 0
71 1
32 0
219 1
100 0
135 1
151 1
120 0
207 1
32 0
163 1
233 1
138 0
139 1
193 1
175 1
47 1
64 0
113 1
207 1
139 1
231 1
29 1
174 0
49 1
80 0
239 1
196 0
22 0
10 0
88 0
140 0
83 1
122 0
105 1
185 1
3 1
3 1
51 1
212 0
36 0
215 1
191 1
175 1
101 1
131 1
96 0
149 1
196 0
211 1
102 0
82 0
188 0
133 1
2 0
238 0
215 1
243 1
180 0
239 1
0 0
15 1
125 1
84 0
139 1
231 1
15 1
143 1
236 0
67 1
102 0
18 0
28 0
40 0
195 1
131 1
172 0
38 0
26 0
115 1
251 1
130 0
198 0
185 1
9 1
202 0
170 0
225 1
192 0
97 1
210 0
193 1
113 1
82 0
23 1
253 1
59 1
39 1
143 1
42 0
107 1
246 0
62 0
137 1
32 0
3 1
14 0
206 0
43 1
42 0
67 1
40 0
173 1
12 0
227 1
184 0
215 1
143 1
155 1
153 1
241 1
112 0
92 0
101 1
195 1
117 1
100 0
1 1
157 1
244 0
44 0
11 1
237 1
107 1
149 1
16 0
112 0
165 1
223 1
157 1
208 0
36 0
198 0
128 0
49 1
171 1
58 0
11 1
61 1
215 1
166 0
48 0
73 1
5 1
150 0
15 1
123 1
252 0
17 1
27 1
243 1
63 1
39 1
226 0
172 0
189 1
244 0
31 1
101 1
213 1
189 1
56 0
251 1
133 1
185 1
47 1
51 1
245 1
59 1
113 1
206 0
227 1
163 1
26 0
233 1
60 0
43 1
103 1
58 0
62 0
131 1
48 0
126 0
171 1
20 0
45 1
107 1
11 1
77 1
210 0
225 1
12 0
12 0
222 0
147 1
198 0
15 1
199 1
190 0
76 0
59 1
142 0
49 1
224 0
170 0
29 1
30 0
214 0
133 1
90 0
22 0
11 1
139 1
150 0
184 0
161 1
196 0
37 1
173 1
20 0
248 0
145 1
33 1
7 1
113 1
181 1
207 1
130 0
127 1
143 1
208 0
188 0
32 0
3 1
158 0
203 1
34 0
190 0
164 0
169 1
26 0
188 0
181 1
167 1
85 1
111 1
75 1
28 0
150 0
249 1
49 1
145 1
140 0
83 1
153 1
0 0
11 1
106 0
132 0
140 0
251 1
86 0
74 0
29 1
90 0
234 0
234 0
126 0
170 0
145 1
41 1
198 0
79 1
224 0
112 0
166 0
81 1
188 0
195 1
233 1
184 0
245 1
125 1
71 1
75 1
25 1
72 0
88 0
133 1
205 1
229 1
130 0
37 1
50 0
160 0
129 1
31 1
141 1
2 0
203 1
32 0
44 0
147 1
112 0
14 0
6 0
25 1
97 1
195 1
221 1
77 1
126 0
213 1
203 1
198 0
34 0
229 1
16 0
124 0
109 1
223 1
99 1
240 0
7 1
151 1
147 1
138 0
183 1
34 0
141 1
133 1
67 1
187 1
27 1
181 1
202 0
34 0
207 1
46 0
231 1
174 0
125 1
103 1
134 0
74 0
47 1
170 0
50 0
65 1
40 0
160 0
34 0
141 1
146 0
43 1
38 0
40 0
182 0
223 1
75 1
69 1
102 0
143 1
2 0
131 1
70 0
206 0
166 0
23 1
0 0
143 1
199 1
125 1
247 1
79 1
201 1
40 0
250 0
252 0
107 1
37 1
159 1
142 0
179 1
52 0
187 1
219 1
93 1
115 1
188 0
169 1
186 0
37 1
59 1
190 0
169 1
130 0
143 1
82 0
155 1
143 1
226 0
101 1
15 1
220 0
182 0
217 1
7 1
179 1
216 0
115 1
217 1
121 1
4 0
142 0
175 1
192 0
107 1
15 1
53 1
42 0
185 1
241 1
80 0
246 0
177 1
251 1
123 1
66 0
79 1
24 0
211 1
52 0
127 1
227 1
19 1
55 1
191 1
27 1
235 1
153 1
144 0
198 0
21 1
149 1
87 1
197 1
87 1
195 1
214 0
142 0
238 0
145 1
129 1
65 1
138 0
53 1
63 1
7 1
120 0
144 0
33 1
78 0
198 0
161 1
51 1
218 0
218 0
243 1
246 0
199 1
142 0
137 1
144 0
165 1
32 0
233 1
109 1
121 1
174 0
69 1
10 0
159 1
216 0
141 1
225 1
100 0
195 1
35 1
108 0
62 0
180 0
142 0
141 1
124 0
50 0
194 0
88 0
14 0
183 1
81 1
214 0
72 0
219 1
105 1
239 1
253 1
84 0
94 0
120 0
5 1
164 0
132 0
165 1
127 1
19 1
137 1
228 0
216 0
173 1
83 1
24 0
99 1
226 0
167 1
224 0
22 0
107 1
59 1
38 0
37 1
141 1
0 0
110 0
107 1
105 1
95 1
106 0
191 1
191 1
227 1
198 0
102 0
106 0
109 1
230 0
126 0
247 1
205 1
88 0
167 1
34 0
114 0
12 0
7 1
27 1
238 0
31 1
136 0
43 1
70 0
174 0
186 0
70 0
30 0
39 1
177 1
127 1
146 0
115 1
64 0
120 0
59 1
167 1
227 1
169 1
144 0
100 0
163 1
95 1
189 1
76 0
130 0
50 0
90 0
138 0
79 1
74 0
171 1
216 0
119 1
242 0
136 0
52 0
59 1
168 0
92 0
237 1
42 0
240 0
98 0
108 0
106 0
159 1
21 1
80 0
74 0
167 1
181 1
239 1
8 0
116 0
62 0
139 1
168 0
153 1
24 0
248 0
229 1
197 1
210 0
95 1
185 1
93 1
148 0
246 0
8 0
242 0
230 0
51 1
228 0
74 0
160 0
80 0
235 1
183 1
161 1
55 1
96 0
89 1
41 1
105 1
206 0
104 0
246 0
120 0
4 0
17 1
114 0
235 1
216 0
71 1
76 0
148 0
165 1
226 0
140 0
174 0
214 0
116 0
227 1
188 0
192 0
134 0
15 1
173 1
63 1
178 0
230 0
161 1
13 1
17 1
13 1
221 1
123 1
6 0
88 0
129 1
25 1
204 0
110 0
242 0
21 1
188 0
136 0
188 0
161 1
22 0
109 1
121 1
140 0
82 0
56 0
78 0
218 0
73 1
252 0
27 1
252 0
229 1
190 0
12 0
248 0
204 0
234 0
118 0
212 0
68 0
248 0
238 0
18 0
105 1
226 0
41 1
40 0
108 0
231 1
203 1
132 0
86 0
71 1
18 0
170 0
128 0
97 1
134 0
203 1
96 0
163 1
201 1
72 0
99 1
215 1
66 0
50 0
195 1
185 1
8 0
10 0
180 0
247 1
30 0
32 0
220 0
73 1
74 0
74 0
50 0
23 1
207 1
137 1
95 1
227 1
54 0
225 1
70 0
190 0
174 0
168 0
99 1
122 0
241 1
200 0
83 1
53 1
252 0
24 0
240 0
6 0
36 0
167 1
0 0
68 0
200 0
221 1
142 0
21 1
42 0
193 1
45 1
251 1
77 1
141 1
224 0
132 0
112 0
40 0
68 0
33 1
210 0
169 1
156 0
197 1
116 0
240 0
252 0
114 0
11 1
239 1
122 0
48 0
153 1
123 1
118 0
99 1
91 1
6 0
122 0
134 0
200 0
168 0
131 1
24 0
56 0
101 1
158 0
170 0
143 1
228 0
204 0
99 1
143 1
106 0
43 1
5 1
92 0
42 0
121 1
104 0
28 0
244 0
154 0
182 0
114 0
18 0
28 0
206 0
26 0
151 1
86 0
228 0
65 1
219 1
253 1
122 0
67 1
157 1
38 0
211 1
131 1
244 0
57 1
21 1
96 0
102 0
28 0
189 1
146 0
150 0
40 0
175 1
141 1
196 0
103 1
1 1
216 0
132 0
208 0
243 1
29 1
41 1
218 0
96 0
6 0
217 1
219 1
74 0
121 1
4 0
32 0
253 1
249 1
91 1
21 1
91 1
194 0
50 0
27 1
86 0
202 0
69 1
7 1
89 1
12 0
112 0
92 0
230 0
245 1
46 0
220 0
21 1
88 0
184 0
118 0
96 0
148 0
83 1
172 0
15 1
89 1
205 1
15 1
85 1
42 0
37 1
178 0
238 0
89 1
207 1
70 0
37 1
23 1
79 1
128 0
36 0
192 0
221 1
13 1
184 0
14 0
234 0
206 0
104 0
164 0
70 0
201 1
58 0
155 1
119 1
75 1
246 0
71 1
91 1
77 1
115 1
129 1
1 1
99 1
220 0
209 1
171 1
4 0
234 0
251 1
133 1
16 0
190 0
101 1
30 0
120 0
116 0
11 1
73 1
221 1
177 1
144 0
169 1
237 1
46 0
35 1
58 0
38 0
107 1
150 0
116 0
223 1
26 0
119 1
69 1
247 1
75 1
241 1
252 0
55 1
239 1
132 0
73 1
176 0
234 0
105 1
43 1
97 1
117 1
117 1
64 0
40 0
8 0
235 1
24 0
55 1
16 0
83 1
94 0
125 1
235 1
212 0
95 1
7 1
78 0
165 1
1 1
154 0
153 1
0 0
210 0
139 1
133 1
30 0
61 1
113 1
136 0
105 1
212 0
0 0
223 1
22 0
42 0
232 0
4 0
67 1
34 0
21 1
152 0
130 0
148 0
133 1
88 0
244 0
142 0
167 1
156 0
144 0
68 0
55 1
145 1
25 1
195 1
24 0
56 0
2 0
139 1
194 0
109 1
97 1
195 1
79 1
121 1
238 0
57 1
126 0
52 0
93 1
149 1
205 1
224 0
43 1
84 0
59 1
33 1
227 1
227 1
190 0
118 0
41 1
247 1
10 0
68 0
189 1
35 1
125 1
192 0
176 0
65 1
48 0
20 0
6 0
128 0
142 0
246 0
187 1
15 1
44 0
26 0
166 0
250 0
251 1
210 0
81 1
56 0
245 1
55 1
30 0
182 0
174 0
73 1
176 0
185 1
142 0
111 1
222 0
14 0
50 0
145 1
80 0
99 1
166 0
88 0
228 0
55 1
80 0
161 1
72 0
126 0
188 0
239 1
123 1
186 0
196 0
205 1
244 0
188 0
6 0
21 1
116 0
182 0
95 1
38 0
113 1
239 1
151 1
82 0
0 0
202 0
228 0
80 0
47 1
141 1
170 0
21 1
197 1
252 0
184 0
15 1
124 0
119 1
0 0
248 0
51 1
198 0
200 0
42 0
132 0
207 1
64 0
249 1
136 0
161 1
34 0
250 0
146 0
187 1
79 1
146 0
135 1
53 1
228 0
184 0
195 1
144 0
206 0
139 1
143 1
137 1
155 1
13 1
2 0
157 1
8 0
55 1
101 1
210 0
99 1
235 1
164 0
164 0
231 1
46 0
71 1
12 0
43 1
219 1
200 0
123 1
111 1
81 1
178 0
86 0
11 1
119 1
232 0
219 1
4 0
121 1
103 1
161 1
136 0
106 0
65 1
146 0
163 1
168 0
102 0
8 0
149 1
12 0
173 1
126 0
60 0
246 0
139 1
104 0
211 1
85 1
229 1
69 1
168 0
153 1
157 1
181 1
19 1
135 1
147 1
24 0
2 0
251 1
187 1
139 1
103 1
253 1
31 1
12 0
168 0
135 1
21 1
63 1
149 1
196 0
190 0
210 0
189 1
76 0
61 1
146 0
162 0
36 0
217 1
77 1
190 0
120 0
4 0
210 0
2 0
152 0
236 0
5 1
149 1
170 0
146 0
0 0
170 0
178 0
12 0
84 0
60 0
35 1
148 0
210 0
233 1
85 1
167 1
168 0
162 0
229 1
61 1
71 1
11 1
24 0
149 1
203 1
146 0
155 1
160 0
149 1
53 1
142 0
156 0
204 0
58 0
48 0
204 0
229 1
228 0
218 0
60 0
34 0
0 0
209 1
246 0
234 0
40 0
159 1
148 0
204 0
134 0
210 0
21 1
147 1
236 0
171 1
97 1
129 1
73 1
3 1
25 1
127 1
147 1
182 0
77 1
207 1
231 1
28 0
183 1
205 1
247 1
244 0
241 1
248 0
199 1
233 1
228 0
241 1
138 0
123 1
191 1
19 1
79 1
214 0
168 0
61 1
132 0
12 0
191 1
206 0
17 1
218 0
79 1
165 1
146 0
158 0
118 0
124 0
188 0
47 1
76 0
182 0
37 1
63 1
176 0
238 0
43 1
151 1
226 0
183 1
20 0
163 1
203 1
101 1
123 1
118 0
164 0
1 1
132 0
102 0
208 0
150 0
66 0
34 0
61 1
213 1
194 0
181 1
83 1
128 0
230 0
160 0
56 0
14 0
225 1
234 0
253 1
14 0
132 0
225 1
198 0
154 0
135 1
148 0
1 1
5 1
13 1
166 0
8 0
146 0
15 1
218 0
42 0
82 0
253 1
105 1
42 0
194 0
32 0
126 0
68 0
8 0
33 1
126 0
23 1
4 0
107 1
23 1
20 0
240 0
250 0
220 0
141 1
132 0
114 0
143 1
139 1
128 0
56 0
148 0
21 1
72 0
112 0
64 0
156 0
112 0
171 1
199 1
52 0
204 0
72 0
122 0
214 0
106 0
250 0
239 1
112 0
103 1
9 1
134 0
90 0
5 1
100 0
232 0
139 1
216 0
122 0
24 0
90 0
180 0
173 1
113 1
0 0
32 0
178 0
156 0
145 1
96 0
102 0
199 1
46 0
175 1
68 0
7 1
28 0
64 0
247 1
142 0
169 1
2 0
22 0
6 0
9 1
124 0
240 0
149 1
86 0
108 0
174 0
178 0
35 1
94 0
37 1
35 1
128 0
217 1
193 1
19 1
59 1
41 1
220 0
106 0
218 0
34 0
115 1
247 1
100 0
108 0
136 0
16 0
111 1
159 1
24 0
122 0
30 0
10 0
17 1
117 1
119 1
193 1
41 1
156 0
34 0
79 1
192 0
163 1
43 1
131 1
184 0
103 1
174 0
151 1
211 1
138 0
187 1
72 0
131 1
33 1
181 1
13 1
51 1
39 1
174 0
76 0
163 1
205 1
87 1
181 1
69 1
208 0
121 1
111 1
110 0
157 1
192 0
49 1
66 0
236 0
181 1
252 0
86 0
102 0
149 1
43 1
241 1
82 0
117 1
119 1
117 1
45 1
134 0
169 1
86 0
55 1
247 1
250 0
7 1
81 1
178 0
77 1
35 1
45 1
190 0
147 1
203 1
129 1
197 1
16 0
112 0
125 1
14 0
199 1
228 0
165 1
244 0
216 0
248 0
108 0
81 1
112 0
154 0
216 0
27 1
241 1
17 1
21 1
238 0
26 0
103 1
162 0
104 0
140 0
209 1
41 1
33 1
159 1
171 1
232 0
176 0
29 1
103 1
192 0
230 0
78 0
103 1
221 1
40 0
98 0
75 1
122 0
211 1
230 0
85 1
240 0
218 0
104 0
7 1
202 0
131 1
112 0
111 1
237 1
253 1
66 0
24 0
32 0
226 0
196 0
11 1
149 1
227 1
115 1
87 1
204 0
195 1
192 0
171 1
236 0
36 0
247 1
105 1
249 1
224 0
191 1
235 1
189 1
42 0
244 0
138 0
174 0
102 0
251 1
158 0
101 1
63 1
183 1
135 1
36 0
126 0
148 0
186 0
100 0
10 0
19 1
50 0
206 0
213 1
223 1
188 0
251 1
217 1
40 0
246 0
187 1
232 0
228 0
123 1
20 0
218 0
8 0
196 0
66 0
5 1
100 0
169 1
70 0
30 0
51 1
107 1
157 1
200 0
39 1
3 1
211 1
60 0
55 1
163 1
19 1
24 0
98 0
16 0
242 0
139 1
9 1
176 0
118 0
238 0
46 0
140 0
202 0
55 1
83 1
15 1
62 0
184 0
186 0
133 1
215 1
239 1
241 1
119 1
185 1
26 0
124 0
143 1
87 1
180 0
53 1
108 0
205 1
153 1
125 1
194 0
39 1
136 0
116 0
158 0
120 0
163 1
45 1
69 1
220 0
129 1
86 0
28 0
60 0
18 0
163 1
22 0
3 1
150 0
142 0
190 0
178 0
13 1
80 0
12 0
194 0
135 1
121 1
146 0
34 0
248 0
87 1
75 1
130 0
204 0
235 1
251 1
114 0
26 0
67 1
81 1
157 1
154 0
110 0
218 0
173 1
19 1
241 1
178 0
171 1
130 0
115 1
95 1
144 0
197 1
108 0
85 1
78 0
231 1
233 1
114 0
225 1
66 0
190 0
102 0
17 1
171 1
100 0
132 0
198 0
168 0
214 0
101 1
68 0
71 1
65 1
243 1
92 0
53 1
168 0
9 1
185 1
29 1
106 0
75 1
227 1
216 0
162 0
52 0
193 1
141 1
167 1
165 1
209 1
103 1
13 1
227 1
20 0
114 0
106 0
219 1
29 1
67 1
67 1
98 0
139 1
134 0
88 0
233 1
188 0
2 0
244 0
120 0
32 0
96 0
196 0
6 0
59 1
105 1
59 1
253 1
248 0
227 1
164 0
203 1
77 1
179 1
177 1
98 0
40 0
29 1
64 0
70 0
97 1
132 0
170 0
238 0
13 1
4 0
218 0
203 1
8 0
208 0
69 1
42 0
51 1
12 0
49 1
111 1
118 0
110 0
111 1
112 0
84 0
22 0
62 0
162 0
202 0
240 0
7 1
244 0
15 1
72 0
61 1
114 0
206 0
232 0
99 1
221 1
238 0
64 0
170 0
247 1
18 0
240 0
35 1
71 1
253 1
86 0
183 1
118 0
197 1
40 0
232 0
28 0
63 1
40 0
192 0
12 0
26 0
200 0
2 0
43 1
19 1
64 0
159 1
227 1
43 1
5 1
194 0
27 1
70 0
110 0
21 1
90 0
97 1
58 0
163 1
97 1
145 1
92 0
216 0
89 1
134 0
194 0
118 0
199 1
236 0
57 1
212 0
9 1
3 1
216 0
54 0
23 1
26 0
214 0
251 1
71 1
221 1
192 0
99 1
38 0
48 0
122 0
130 0
147 1
181 1
39 1
245 1
72 0
133 1
208 0
163 1
13 1
149 1
28 0
213 1
131 1
86 0
172 0
141 1
90 0
134 0
197 1
115 1
162 0
158 0
113 1
234 0
125 1
51 1
80 0
165 1
101 1
203 1
41 1
250 0
130 0
82 0
241 1
204 0
216 0
195 1
114 0
230 0
90 0
143 1
190 0
223 1
230 0
108 0
111 1
67 1
244 0
54 0
184 0
152 0
213 1
44 0
132 0
84 0
97 1
213 1
251 1
200 0
163 1
38 0
196 0
40 0
122 0
183 1
245 1
84 0
125 1
106 0
61 1
217 1
250 0
252 0
186 0
227 1
107 1
43 1
41 1
98 0
99 1
227 1
251 1
58 0
17 1
130 0
144 0
116 0
90 0
141 1
62 0
0 0
181 1
4 0
41 1
49 1
189 1
32 0
135 1
60 0
140 0
197 1
24 0
136 0
195 1
212 0
110 0
49 1
2 0
153 1
148 0
102 0
126 0
146 0
161 1
145 1
23 1
52 0
7 1
114 0
195 1
71 1
115 1
122 0
76 0
157 1
173 1
12 0
191 1
54 0
74 0
77 1
252 0
99 1
215 1
194 0
57 1
72 0
245 1
60 0
226 0
140 0
164 0
99 1
32 0
71 1
245 1
57 1
125 1
0 0
172 0
66 0
71 1
34 0
190 0
149 1
192 0
109 1
163 1
130 0
165 1
238 0
209 1
164 0
84 0
170 0
105 1
143 1
244 0
96 0
205 1
217 1
237 1
115 1
62 0
16 0
188 0
54 0
74 0
59 1
54 0
248 0
126 0
127 1
29 1
63 1
23 1
222 0
174 0
187 1
99 1
85 1
172 0
54 0
251 1
3 1
226 0
102 0
147 1
216 0
199 1
98 0
179 1
183 1
215 1
243 1
201 1
149 1
43 1
22 0
209 1
99 1
17 1
82 0
228 0
47 1
147 1
252 0
16 0
67 1
186 0
116 0
154 0
105 1
172 0
151 1
109 1
144 0
0 0
2 0
107 1
200 0
102 0
33 1
130 0
63 1
22 0
78 0
213 1
66 0
101 1
169 1
167 1
120 0
253 1
141 1
168 0
146 0
139 1
186 0
214 0
72 0
49 1
115 1
178 0
222 0
12 0
33 1
113 1
13 1
37 1
222 0
215 1
140 0
1 1
91 1
205 1
24 0
171 1
164 0
92 0
18 0
80 0
6 0
140 0
79 1
148 0
55 1
227 1
34 0
242 0
188 0
107 1
37 1
49 1
32 0
6 0
63 1
66 0
121 1
77 1
105 1
89 1
38 0
246 0
91 1
131 1
197 1
117 1
48 0
108 0
211 1
68 0
190 0
218 0
210 0
16 0
113 1
11 1
244 0
148 0
0 0
179 1
2 0
38 0
229 1
35 1
45 1
38 0
103 1
168 0
117 1
210 0
3 1
157 1
202 0
96 0
35 1
146 0
215 1
85 1
1 1
173 1
155 1
193 1
137 1
111 1
210 0
252 0
123 1
201 1
146 0
124 0
126 0
150 0
163 1
102 0
187 1
210 0
142 0
37 1
125 1
5 1
248 0
129 1
164 0
197 1
227 1
200 0
90 0
188 0
31 1
92 0
107 1
187 1
32 0
246 0
45 1
243 1
244 0
169 1
190 0
137 1
40 0
63 1
34 0
205 1
166 0
223 1
162 0
54 0
6 0
33 1
60 0
1 1
164 0
225 1
199 1
137 1
172 0
35 1
71 1
204 0
129 1
180 0
138 0
162 0
172 0
184 0
152 0
163 1
100 0
89 1
47 1
141 1
153 1
82 0
93 1
65 1
51 1
1 1
121 1
59 1
35 1
183 1
61 1
200 0
155 1
7 1
84 0
73 1
44 0
156 0
24 0
174 0
83 1
163 1
83 1
1 1
94 0
236 0
166 0
195 1
72 0
214 0
83 1
226 0
43 1
177 1
38 0
96 0
179 1
160 0
157 1
216 0
89 1
219 1
163 1
245 1
227 1
248 0
64 0
18 0
151 1
89 1
193 1
235 1
0 0
23 1
238 0
94 0
6 0
150 0
36 0
79 1
111 1
120 0
51 1
156 0
44 0
91 1
0 0
225 1
252 0
157 1
187 1
87 1
122 0
96 0
78 0
96 0
91 1
144 0
115 1
243 1
235 1
55 1
224 0
236 0
80 0
209 1
77 1
88 0
106 0
114 0
168 0
218 0
236 0
221 1
121 1
26 0
58 0
121 1
253 1
56 0
25 1
186 0
145 1
149 1
29 1
225 1
246 0
122 0
116 0
108 0
111 1
97 1
165 1
82 0
79 1
247 1
37 1
157 1
81 1
144 0
18 0
250 0
109 1
1 1
218 0
232 0
29 1
22 0
99 1
28 0
80 0
126 0
215 1
227 1
21 1
246 0
198 0
14 0
114 0
60 0
123 1
227 1
159 1
35 1
55 1
240 0
28 0
94 0
144 0
110 0
240 0
163 1
107 1
95 1
165 1
71 1
74 0
195 1
95 1
175 1
224 0
177 1
47 1
186 0
150 0
69 1
179 1
94 0
84 0
39 1
156 0
209 1
13 1
61 1
245 1
70 0
47 1
20 0
165 1
192 0
131 1
152 0
102 0
240 0
249 1
13 1
57 1
69 1
210 0
153 1
245 1
181 1
77 1
38 0
113 1
228 0
109 1
38 0
69 1
194 0
79 1
226 0
149 1
94 0
34 0
141 1
165 1
83 1
162 0
77 1
22 0
40 0
230 0
125 1
26 0
226 0
140 0
85 1
41 1
97 1
240 0
33 1
24 0
63 1
73 1
138 0
37 1
183 1
178 0
107 1
124 0
4 0
80 0
19 1
99 1
115 1
162 0
11 1
199 1
71 1
89 1
223 1
112 0
66 0
94 0
140 0
39 1
236 0
226 0
81 1
79 1
212 0
116 0
104 0
21 1
190 0
244 0
60 0
119 1
168 0
168 0
244 0
174 0
250 0
10 0
19 1
111 1
174 0
31 1
57 1
246 0
122 0
27 1
104 0
190 0
122 0
246 0
230 0
105 1
218 0
58 0
186 0
177 1
175 1
36 0
200 0
112 0
26 0
6 0
233 1
196 0
176 0
224 0
116 0
172 0
235 1
137 1
30 0
155 1
170 0
89 1
148 0
39 1
117 1
0 0
230 0
241 1
246 0
207 1
92 0
211 1
12 0
24 0
134 0
189 1
62 0
81 1
47 1
90 0
89 1
26 0
32 0
11 1
251 1
150 0
185 1
233 1
34 0
217 1
135 1
205 1
52 0
29 1
245 1
171 1
29 1
222 0
158 0
21 1
175 1
252 0
234 0
188 0
23 1
115 1
123 1
87 1
197 1
172 0
178 0
32 0
199 1
212 0
45 1
197 1
109 1
232 0
176 0
144 0
195 1
57 1
95 1
249 1
88 0
87 1
167 1
118 0
55 1
72 0
141 1
232 0
71 1
121 1
166 0
95 1
238 0
36 0
184 0
181 1
210 0
109 1
215 1
155 1
68 0
7 1
99 1
178 0
240 0
21 1
68 0
182 0
80 0
165 1
178 0
169 1
253 1
91 1
34 0
55 1
164 0
177 1
33 1
236 0
45 1
201 1
78 0
29 1
238 0
8 0
211 1
195 1
119 1
173 1
96 0
188 0
181 1
196 0
112 0
167 1
219 1
182 0
96 0
46 0
94 0
20 0
216 0
93 1
112 0
252 0
149 1
22 0
175 1
184 0
5 1
221 1
131 1
84 0
252 0
116 0
94 0
210 0
57 1
215 1
129 1
155 1
149 1
57 1
97 1
7 1
225 1
63 1
191 1
68 0
110 0
31 1
89 1
73 1
126 0
202 0
71 1
22 0
226 0
248 0
207 1
232 0
216 0
84 0
63 1
214 0
202 0
159 1
170 0
5 1
120 0
46 0
161 1
15 1
104 0
5 1
24 0
76 0
70 0
217 1
145 1
181 1
249 1
235 1
1 1
122 0
184 0
73 1
145 1
156 0
68 0
99 1
135 1
31 1
185 1
199 1
246 0
133 1
105 1
163 1
139 1
226 0
211 1
47 1
243 1
61 1
53 1
13 1
139 1
124 0
231 1
30 0
52 0
227 1
11 1
54 0
95 1
196 0
129 1
241 1
99 1
199 1
87 1
235 1
231 1
18 0
180 0
224 0
152 0
31 1
134 0
37 1
4 0
91 1
86 0
248 0
154 0
141 1
8 0
39 1
11 1
240 0
70 0
65 1
214 0
83 1
120 0
55 1
26 0
251 1
43 1
126 0
196 0
131 1
107 1
173 1
150 0
34 0
143 1
48 0
67 1
23 1
87 1
73 1
115 1
175 1
67 1
16 0
62 0
76 0
56 0
75 1
63 1
127 1
141 1
23 1
211 1
8 0
79 1
239 1
5 1
124 0
111 1
202 0
1 1
220 0
121 1
153 1
1 1
11 1
203 1
69 1
36 0
36 0
144 0
152 0
213 1
212 0
169 1
21 1
35 1
227 1
97 1
99 1
100 0
239 1
124 0
58 0
248 0
204 0
43 1
0 0
75 1
156 0
203 1
77 1
122 0
70 0
232 0
124 0
83 1
181 1
195 1
120 0
219 1
85 1
19 1
178 0
44 0
190 0
200 0
80 0
163 1
43 1
181 1
9 1
29 1
51 1
69 1
24 0
2 0
114 0
25 1
78 0
16 0
229 1
157 1
139 1
46 0
135 1
10 0
130 0
62 0
207 1
251 1
27 1
38 0
17 1
207 1
84 0
208 0
153 1
165 1
117 1
198 0
92 0
128 0
229 1
145 1
199 1
0 0
148 0
59 1
25 1
227 1
76 0
0 0
130 0
217 1
47 1
12 0
228 0
179 1
75 1
181 1
177 1
104 0
221 1
195 1
57 1
51 1
149 1
212 0
217 1
13 1
157 1
56 0
142 0
132 0
202 0
87 1
132 0
96 0
147 1
159 1
70 0
225 1
160 0
202 0
188 0
209 1
215 1
162 0
135 1
36 0
90 0
58 0
142 0
57 1
0 0
201 1
109 1
150 0
160 0
73 1
164 0
63 1
130 0
53 1
197 1
79 1
142 0
75 1
177 1
36 0
235 1
248 0
7 1
142 0
196 0
196 0
98 0
158 0
105 1
234 0
195 1
196 0
39 1
84 0
0 0
40 0
32 0
109 1
191 1
193 1
183 1
101 1
3 1
60 0
156 0
201 1
140 0
44 0
22 0
64 0
81 1
4 0
58 0
89 1
148 0
1 1
31 1
248 0
160 0
138 0
228 0
102 0
80 0
14 0
188 0
80 0
55 1
221 1
190 0
247 1
161 1
120 0
95 1
165 1
181 1
252 0
112 0
68 0
42 0
135 1
133 1
124 0
141 1
193 1
215 1
35 1
196 0
248 0
29 1
102 0
132 0
4 0
206 0
213 1
20 0
141 1
39 1
76 0
108 0
231 1
70 0
15 1
97 1
166 0
181 1
25 1
165 1
39 1
94 0
208 0
176 0
229 1
79 1
64 0
168 0
41 1
101 1
110 0
35 1
131 1
214 0
169 1
137 1
167 1
128 0
158 0
54 0
169 1
236 0
164 0
146 0
52 0
181 1
245 1
220 0
109 1
17 1
131 1
150 0
113 1
86 0
72 0
88 0
167 1
137 1
3 1
209 1
239 1
115 1
246 0
117 1
75 1
161 1
1 1
244 0
35 1
161 1
45 1
206 0
144 0
210 0
98 0
197 1
137 1
90 0
163 1
248 0
109 1
41 1
144 0
223 1
128 0
217 1
58 0
42 0
101 1
62 0
252 0
87 1
178 0
245 1
206 0
0 0
152 0
209 1
246 0
189 1
117 1
37 1
141 1
7 1
248 0
241 1
205 1
132 0
78 0
115 1
126 0
188 0
158 0
16 0
157 1
32 0
235 1
217 1
75 1
83 1
25 1
74 0
172 0
205 1
65 1
125 1
207 1
219 1
80 0
199 1
154 0
198 0
238 0
41 1
206 0
232 0
29 1
158 0
111 1
108 0
20 0
239 1
42 0
179 1
2 0
201 1
213 1
239 1
164 0
35 1
68 0
191 1
111 1
242 0
143 1
177 1
113 1
97 1
142 0
195 1
43 1
43 1
139 1
27 1
85 1
92 0
6 0
115 1
252 0
119 1
225 1
19 1
104 0
13 1
199 1
107 1
216 0
159 1
92 0
126 0
195 1
162 0
64 0
52 0
150 0
209 1
231 1
10 0
52 0
120 0
206 0
96 0
164 0
92 0
125 1
251 1
186 0
132 0
113 1
184 0
252 0
84 0
204 0
103 1
99 1
150 0
211 1
61 1
56 0
50 0
189 1
252 0
213 1
0 0
51 1
109 1
209 1
29 1
121 1
8 0
150 0
73 1
105 1
61 1
167 1
232 0
59 1
99 1
110 0
173 1
30 0
109 1
4 0
236 0
213 1
104 0
133 1
171 1
167 1
190 0
222 0
102 0
188 0
181 1
103 1
241 1
37 1
59 1
16 0
159 1
68 0
168 0
234 0
175 1
231 1
147 1
153 1
36 0
248 0
10 0
210 0
24 0
120 0
216 0
6 0
80 0
67 1
140 0
252 0
235 1
77 1
220 0
84 0
12 0
147 1
188 0
0 0
186 0
249 1
17 1
91 1
63 1
187 1
72 0
239 1
164 0
220 0
139 1
201 1
214 0
150 0
158 0
239 1
17 1
120 0
247 1
98 0
188 0
134 0
96 0
170 0
212 0
62 0
0 0
225 1
211 1
190 0
226 0
143 1
185 1
244 0
236 0
250 0
177 1
54 0
236 0
88 0
20 0
121 1
36 0
236 0
17 1
195 1
222 0
35 1
62 0
216 0
135 1
252 0
96 0
232 0
168 0
55 1
41 1
170 0
26 0
0 0
107 1
0 0
143 1
38 0
244 0
126 0
34 0
168 0
181 1
16 0
3 1
203 1
139 1
40 0
186 0
157 1
236 0
154 0
194 0
45 1
116 0
75 1
43 1
214 0
54 0
212 0
15 1
97 1
129 1
43 1
97 1
237 1
43 1
242 0
22 0
34 0
115 1
58 0
204 0
42 0
76 0
208 0
247 1
216 0
250 0
179 1
120 0
233 1
80 0
61 1
24 0
197 1
137 1
68 0
158 0
193 1
27 1
174 0
37 1
157 1
219 1
135 1
141 1
9 1
124 0
164 0
44 0
240 0
223 1
250 0
29 1
46 0
205 1
23 1
8 0
201 1
204 0
129 1
180 0
30 0
192 0
205 1
229 1
76 0
20 0
133 1
15 1
48 0
54 0
53 1
207 1
19 1
190 0
94 0
29 1
61 1
5 1
75 1
48 0
230 0
71 1
78 0
22 0
22 0
103 1
32 0
225 1
53 1
163 1
151 1
84 0
101 1
102 0
59 1
178 0
123 1
194 0
195 1
173 1
249 1
250 0
126 0
15 1
186 0
222 0
46 0
249 1
229 1
123 1
43 1
206 0
196 0
123 1
230 0
219 1
227 1
8 0
191 1
27 1
172 0
88 0
112 0
20 0
192 0
173 1
200 0
62 0
114 0
141 1
237 1
109 1
137 1
110 0
126 0
70 0
79 1
174 0
65 1
54 0
43 1
110 0
6 0
240 0
235 1
237 1
206 0
209 1
247 1
143 1
237 1
166 0
233 1
95 1
187 1
171 1
15 1
133 1
235 1
130 0
21 1
218 0
241 1
159 1
74 0
114 0
230 0
154 0
34 0
42 0
210 0
78 0
154 0
218 0
65 1
135 1
202 0
17 1
90 0
195 1
162 0
73 1
107 1
141 1
170 0
41 1
59 1
187 1
176 0
40 0
63 1
198 0
5 1
51 1
103 1
80 0
166 0
80 0
236 0
201 1
124 0
193 1
26 0
24 0
157 1
92 0
160 0
105 1
110 0
252 0
46 0
18 0
71 1
155 1
161 1
243 1
197 1
221 1
176 0
119 1
7 1
241 1
63 1
13 1
39 1
168 0
95 1
206 0
249 1
78 0
154 0
119 1
17 1
181 1
145 1
176 0
19 1
51 1
27 1
131 1
50 0
75 1
151 1
123 1
231 1
58 0
112 0
175 1
25 1
35 1
41 1
34 0
23 1
105 1
49 1
63 1
20 0
146 0
16 0
15 1
225 1
171 1
136 0
244 0
99 1
27 1
166 0
120 0
80 0
195 1
253 1
131 1
16 0
150 0
1 1
249 1
210 0
114 0
170 0
237 1
151 1
212 0
17 1
176 0
64 0
67 1
241 1
85 1
215 1
3 1
102 0
186 0
176 0
239 1
177 1
22 0
13 1
89 1
144 0
95 1
31 1
143 1
227 1
48 0
40 0
229 1
43 1
251 1
90 0
215 1
234 0
243 1
173 1
253 1
165 1
238 0
67 1
153 1
70 0
28 0
158 0
173 1
215 1
81 1
159 1
139 1
104 0
173 1
230 0
249 1
14 0
7 1
138 0
243 1
57 1
179 1
219 1
101 1
177 1
56 0
62 0
158 0
45 1
237 1
157 1
212 0
222 0
225 1
111 1
38 0
0 0
16 0
213 1
216 0
98 0
118 0
101 1
203 1
38 0
78 0
199 1
53 1
86 0
84 0
43 1
144 0
10 0
8 0
247 1
188 0
65 1
56 0
92 0
112 0
40 0
251 1
70 0
8 0
222 0
183 1
48 0
223 1
201 1
8 0
185 1
45 1
127 1
33 1
250 0
166 0
112 0
195 1
221 1
200 0
25 1
10 0
91 1
36 0
19 1
84 0
226 0
86 0
142 0
65 1
199 1
183 1
62 0
16 0
193 1
30 0
201 1
243 1
0 0
148 0
252 0
186 0
194 0
126 0
221 1
190 0
38 0
79 1
131 1
6 0
26 0
158 0
17 1
118 0
196 0
38 0
204 0
168 0
125 1
93 1
235 1
70 0
23 1
43 1
88 0
217 1
75 1
35 1
207 1
76 0
184 0
205 1
8 0
125 1
77 1
230 0
61 1
117 1
56 0
194 0
124 0
84 0
99 1
143 1
204 0
41 1
182 0
155 1
211 1
53 1
249 1
192 0
125 1
19 1
236 0
215 1
237 1
57 1
251 1
191 1
134 0
182 0
142 0
144 0
53 1
221 1
121 1
115 1
84 0
179 1
56 0
210 0
9 1
156 0
99 1
215 1
198 0
27 1
116 0
155 1
82 0
112 0
93 1
209 1
132 0
76 0
170 0
116 0
135 1
167 1
53 1
15 1
95 1
197 1
161 1
150 0
164 0
29 1
12 0
249 1
209 1
69 1
205 1
220 0
227 1
50 0
181 1
171 1
79 1
44 0
73 1
162 0
157 1
168 0
117 1
36 0
246 0
33 1
154 0
127 1
202 0
208 0
144 0
44 0
151 1
51 1
195 1
62 0
81 1
208 0
57 1
37 1
24 0
9 1
3 1
252 0
61 1
186 0
170 0
141 1
231 1
245 1
50 0
135 1
160 0
168 0
172 0
152 0
203 1
72 0
25 1
151 1
27 1
171 1
196 0
179 1
223 1
138 0
243 1
51 1
92 0
47 1
90 0
118 0
57 1
94 0
116 0
120 0
26 0
33 1
8 0
3 1
24 0
59 1
139 1
185 1
229 1
58 0
84 0
179 1
131 1
110 0
77 1
159 1
27 1
20 0
85 1
252 0
159 1
74 0
50 0
253 1
122 0
141 1
117 1
181 1
237 1
235 1
48 0
9 1
14 0
57 1
14 0
39 1
118 0
155 1
226 0
93 1
215 1
56 0
19 1
92 0
168 0
97 1
253 1
197 1
118 0
85 1
196 0
23 1
161 1
247 1
23 1
30 0
135 1
141 1
212 0
118 0
123 1
6 0
129 1
138 0
65 1
145 1
179 1
184 0
47 1
151 1
24 0
8 0
209 1
44 0
101 1
123 1
142 0
101 1
67 1
7 1
187 1
9 1
32 0
95 1
3 1
56 0
126 0
139 1
198 0
84 0
4 0
67 1
92 0
134 0
207 1
158 0
25 1
132 0
89 1
74 0
30 0
114 0
83 1
241 1
160 0
186 0
110 0
48 0
33 1
179 1
56 0
222 0
189 1
89 1
63 1
193 1
147 1
190 0
79 1
92 0
21 1
84 0
161 1
115 1
219 1
114 0
19 1
246 0
248 0
110 0
66 0
24 0
225 1
151 1
12 0
131 1
83 1
123 1
181 1
118 0
48 0
239 1
86 0
239 1
75 1
151 1
178 0
223 1
88 0
4 0
61 1
110 0
89 1
223 1
226 0
55 1
84 0
247 1
48 0
78 0
103 1
116 0
104 0
75 1
13 1
117 1
208 0
97 1
242 0
136 0
216 0
37 1
121 1
49 1
23 1
198 0
201 1
203 1
168 0
36 0
208 0
230 0
147 1
43 1
200 0
120 0
99 1
31 1
114 0
149 1
110 0
219 1
11 1
216 0
40 0
26 0
80 0
250 0
124 0
69 1
132 0
87 1
108 0
0 0
138 0
132 0
199 1
86 0
81 1
113 1
123 1
35 1
90 0
17 1
80 0
37 1
138 0
181 1
69 1
253 1
76 0
181 1
218 0
89 1
144 0
5 1
116 0
225 1
2 0
242 0
41 1
136 0
76 0
150 0
137 1
215 1
28 0
83 1
47 1
111 1
198 0
172 0
147 1
35 1
190 0
228 0
73 1
75 1
155 1
144 0
75 1
233 1
71 1
39 1
68 0
217 1
46 0
185 1
188 0
49 1
173 1
230 0
187 1
250 0
127 1
70 0
212 0
156 0
155 1
6 0
13 1
100 0
179 1
162 0
136 0
116 0
137 1
211 1
192 0
39 1
101 1
13 1
18 0
174 0
54 0
88 0
137 1
102 0
19 1
72 0
153 1
194 0
49 1
86 0
191 1
177 1
158 0
149 1
80 0
59 1
156 0
95 1
160 0
82 0
3 1
43 1
199 1
142 0
0 0
138 0
182 0
102 0
153 1
202 0
23 1
209 1
36 0
161 1
57 1
57 1
234 0
212 0
253 1
29 1
44 0
190 0
208 0
203 1
85 1
34 0
9 1
243 1
130 0
171 1
71 1
135 1
215 1
17 1
24 0
216 0
157 1
208 0
65 1
56 0
156 0
89 1
11 1
194 0
252 0
70 0
253 1
232 0
28 0
252 0
8 0
74 0
188 0
217 1
24 0
20 0
252 0
35 1
9 1
129 1
207 1
82 0
11 1
169 1
101 1
36 0
132 0
4 0
246 0
198 0
61 1
148 0
34 0
74 0
89 1
32 0
146 0
89 1
11 1
175 1
87 1
20 0
251 1
22 0
239 1
21 1
43 1
238 0
57 1
54 0
113 1
10 0
138 0
126 0
181 1
240 0
164 0
59 1
246 0
156 0
4 0
54 0
51 1
39 1
129 1
142 0
73 1
22 0
232 0
86 0
198 0
65 1
107 1
196 0
88 0
92 0
218 0
133 1
76 0
21 1
189 1
191 1
33 1
73 1
64 0
216 0
60 0
229 1
21 1
52 0
132 0
26 0
107 1
184 0
67 1
238 0
72 0
142 0
6 0
50 0
229 1
206 0
117 1
83 1
148 0
207 1
177 1
113 1
86 0
0 0
136 0
22 0
192 0
171 1
97 1
3 1
133 1
158 0
233 1
155 1
211 1
112 0
183 1
65 1
42 0
252 0
50 0
116 0
140 0
57 1
168 0
116 0
10 0
32 0
200 0
159 1
240 0
123 1
18 0
73 1
124 0
155 1
96 0
63 1
73 1
194 0
67 1
207 1
99 1
47 1
109 1
57 1
160 0
38 0
123 1
204 0
37 1
174 0
67 1
179 1
233 1
236 0
41 1
244 0
15 1
242 0
150 0
1 1
112 0
170 0
76 0
237 1
72 0
173 1
47 1
146 0
114 0
115 1
99 1
214 0
164 0
209 1
18 0
70 0
249 1
142 0
21 1
33 1
63 1
89 1
213 1
43 1
72 0
0 0
34 0
88 0
244 0
185 1
91 1
102 0
101 1
168 0
86 0
174 0
88 0
134 0
67 1
203 1
251 1
167 1
164 0
161 1
123 1
183 1
233 1
119 1
72 0
0 0
153 1
137 1
91 1
112 0
181 1
164 0
114 0
216 0
0 0
105 1
148 0
91 1
208 0
250 0
5 1
41 1
171 1
94 0
177 1
240 0
44 0
174 0
154 0
209 1
81 1
23 1
139 1
60 0
144 0
213 1
62 0
44 0
96 0
154 0
158 0
24 0
65 1
18 0
242 0
65 1
124 0
136 0
157 1
79 1
133 1
164 0
122 0
51 1
5 1
45 1
37 1
50 0
220 0
193 1
6 0
48 0
217 1
146 0
110 0
108 0
105 1
173 1
153 1
203 1
73 1
57 1
229 1
140 0
77 1
217 1
206 0
203 1
100 0
110 0
29 1
235 1
21 1
152 0
32 0
27 1
198 0
71 1
78 0
165 1
10 0
86 0
214 0
229 1
233 1
70 0
84 0
85 1
245 1
238 0
35 1
65 1
42 0
10 0
206 0
121 1
229 1
159 1
70 0
75 1
16 0
100 0
57 1
38 0
0 0
91 1
66 0
198 0
163 1
146 0
110 0
175 1
233 1
71 1
151 1
213 1
143 1
236 0
45 1
134 0
221 1
82 0
200 0
10 0
93 1
153 1
132 0
69 1
58 0
204 0
146 0
75 1
50 0
204 0
114 0
50 0
41 1
182 0
250 0
206 0
75 1
107 1
127 1
55 1
179 1
25 1
14 0
68 0
8 0
61 1
203 1
230 0
144 0
150 0
242 0
239 1
49 1
120 0
55 1
108 0
70 0
202 0
185 1
122 0
152 0
46 0
174 0
195 1
230 0
171 1
147 1
51 1
24 0
21 1
107 1
205 1
47 1
123 1
20 0
56 0
185 1
224 0
33 1
76 0
121 1
21 1
62 0
171 1
143 1
118 0
26 0
214 0
66 0
212 0
83 1
220 0
5 1
4 0
161 1
236 0
176 0
54 0
33 1
202 0
76 0
142 0
154 0
125 1
11 1
175 1
182 0
198 0
146 0
216 0
20 0
13 1
239 1
83 1
186 0
128 0
203 1
213 1
89 1
15 1
172 0
173 1
236 0
179 1
179 1
143 1
161 1
102 0
199 1
196 0
51 1
21 1
84 0
206 0
148 0
96 0
128 0
76 0
41 1
20 0
39 1
63 1
35 1
24 0
148 0
222 0
154 0
97 1
182 0
244 0
113 1
101 1
164 0
96 0
26 0
89 1
241 1
189 1
192 0
186 0
131 1
245 1
209 1
216 0
197 1
103 1
59 1
71 1
181 1
101 1
93 1
221 1
166 0
129 1
247 1
60 0
98 0
147 1
158 0
27 1
138 0
17 1
129 1
48 0
115 1
157 1
139 1
102 0
92 0
78 0
34 0
225 1
69 1
245 1
187 1
12 0
94 0
248 0
85 1
21 1
96 0
180 0
244 0
8 0
56 0
238 0
69 1
156 0
131 1
229 1
184 0
16 0
248 0
60 0
65 1
109 1
218 0
206 0
212 0
57 1
30 0
248 0
28 0
100 0
239 1
217 1
114 0
80 0
212 0
200 0
103 1
54 0
127 1
93 1
64 0
184 0
77 1
135 1
86 0
210 0
110 0
16 0
227 1
104 0
78 0
39 1
214 0
42 0
246 0
173 1
101 1
23 1
167 1
131 1
124 0
153 1
94 0
239 1
234 0
53 1
186 0
84 0
108 0
59 1
178 0
174 0
244 0
2 0
56 0
77 1
214 0
167 1
95 1
188 0
18 0
174 0
228 0
234 0
218 0
221 1
153 1
65 1
245 1
67 1
197 1
116 0
222 0
38 0
101 1
203 1
92 0
33 1
33 1
202 0
93 1
212 0
123 1
84 0
215 1
180 0
162 0
175 1
93 1
3 1
109 1
112 0
178 0
84 0
92 0
143 1
52 0
247 1
209 1
44 0
60 0
153 1
161 1
28 0
192 0
8 0
232 0
31 1
43 1
11 1
235 1
137 1
225 1
104 0
223 1
187 1
30 0
131 1
109 1
124 0
136 0
220 0
238 0
61 1
51 1
77 1
205 1
104 0
70 0
160 0
150 0
132 0
60 0
57 1
162 0
0 0
67 1
141 1
31 1
111 1
154 0
13 1
250 0
125 1
118 0
219 1
59 1
149 1
97 1
169 1
20 0
234 0
135 1
5 1
41 1
187 1
83 1
247 1
38 0
155 1
154 0
189 1
34 0
216 0
248 0
198 0
216 0
61 1
85 1
249 1
174 0
240 0
8 0
170 0
112 0
127 1
136 0
172 0
23 1
234 0
88 0
44 0
214 0
225 1
50 0
2 0
159 1
135 1
251 1
198 0
37 1
152 0
134 0
72 0
114 0
129 1
16 0
77 1
192 0
103 1
72 0
112 0
90 0
82 0
29 1
204 0
211 1
166 0
123 1
235 1
147 1
212 0
25 1
108 0
183 1
77 1
111 1
88 0
214 0
108 0
33 1
252 0
7 1
169 1
71 1
122 0
44 0
89 1
201 1
238 0
193 1
19 1
96 0
30 0
103 1
127 1
235 1
60 0
40 0
104 0
41 1
188 0
62 0
68 0
43 1
247 1
146 0
155 1
82 0
106 0
10 0
117 1
105 1
18 0
32 0
177 1
142 0
78 0
12 0
89 1
62 0
207 1
110 0
160 0
238 0
214 0
34 0
219 1
20 0
76 0
70 0
63 1
11 1
134 0
132 0
55 1
127 1
25 1
211 1
210 0
133 1
223 1
74 0
239 1
242 0
107 1
162 0
131 1
187 1
176 0
222 0
251 1
129 1
78 0
158 0
114 0
39 1
194 0
79 1
60 0
16 0
150 0
124 0
28 0
31 1
3 1
84 0
159 1
29 1
41 1
116 0
163 1
11 1
191 1
149 1
0 0
45 1
58 0
132 0
234 0
235 1
100 0
232 0
111 1
180 0
136 0
226 0
220 0
76 0
52 0
27 1
93 1
204 0
152 0
123 1
236 0
156 0
208 0
142 0
187 1
251 1
4 0
96 0
8 0
197 1
246 0
9 1
244 0
50 0
143 1
224 0
32 0
245 1
202 0
145 1
171 1
85 1
117 1
138 0
162 0
171 1
166 0
2 0
121 1
64 0
127 1
103 1
222 0
81 1
246 0
155 1
78 0
252 0
253 1
88 0
195 1
246 0
98 0
185 1
43 1
243 1
156 0
76 0
234 0
105 1
222 0
151 1
191 1
86 0
36 0
100 0
3 1
203 1
104 0
125 1
14 0
232 0
230 0
237 1
59 1
223 1
139 1
139 1
222 0
139 1
229 1
164 0
131 1
73 1
96 0
175 1
63 1
253 1
253 1
43 1
104 0
222 0
196 0
42 0
55 1
233 1
143 1
59 1
182 0
248 0
186 0
198 0
227 1
163 1
181 1
33 1
133 1
67 1
173 1
101 1
207 1
148 0
11 1
85 1
223 1
108 0
7 1
32 0
108 0
7 1
77 1
214 0
230 0
19 1
2 0
31 1
0 0
147 1
92 0
183 1
142 0
24 0
127 1
115 1
189 1
55 1
149 1
68 0
123 1
69 1
170 0
77 1
219 1
183 1
164 0
188 0
37 1
172 0
222 0
147 1
180 0
45 1
107 1
157 1
66 0
111 1
190 0
67 1
4 0
28 0
251 1
147 1
54 0
124 0
9 1
244 0
180 0
159 1
58 0
50 0
230 0
230 0
129 1
195 1
159 1
39 1
130 0
197 1
213 1
98 0
91 1
140 0
145 1
199 1
43 1
213 1
56 0
235 1
26 0
62 0
9 1
24 0
211 1
65 1
149 1
221 1
55 1
76 0
127 1
115 1
127 1
103 1
91 1
3 1
45 1
251 1
43 1
176 0
195 1
3 1
21 1
32 0
144 0
168 0
233 1
189 1
128 0
36 0
170 0
156 0
99 1
181 1
181 1
56 0
247 1
76 0
23 1
48 0
154 0
152 0
164 0
28 0
2 0
1 1
32 0
48 0
0 0
77 1
226 0
195 1
81 1
248 0
228 0
226 0
163 1
207 1
162 0
37 1
244 0
78 0
194 0
90 0
5 1
121 1
147 1
0 0
199 1
172 0
48 0
99 1
71 1
214 0
128 0
74 0
217 1
162 0
123 1
217 1
240 0
95 1
158 0
67 1
90 0
133 1
40 0
0 0
87 1
204 0
39 1
77 1
28 0
234 0
169 1
35 1
102 0
62 0
35 1
48 0
236 0
85 1
149 1
53 1
45 1
24 0
128 0
9 1
187 1
253 1
227 1
173 1
95 1
132 0
242 0
186 0
11 1
29 1
188 0
99 1
234 0
228 0
178 0
9 1
209 1
93 1
46 0
57 1
157 1
82 0
107 1
139 1
168 0
2 0
194 0
215 1
27 1
69 1
225 1
216 0
68 0
199 1
136 0
164 0
77 1
125 1
97 1
90 0
155 1
31 1
190 0
136 0
5 1
115 1
147 1
215 1
209 1
194 0
19 1
113 1
23 1
128 0
253 1
193 1
131 1
194 0
154 0
160 0
9 1
126 0
123 1
78 0
72 0
5 1
244 0
150 0
131 1
87 1
241 1
32 0
120 0
178 0
170 0
127 1
39 1
63 1
88 0
250 0
4 0
109 1
109 1
28 0
238 0
109 1
222 0
116 0
49 1
123 1
23 1
59 1
250 0
147 1
139 1
68 0
153 1
129 1
220 0
30 0
217 1
208 0
64 0
84 0
132 0
236 0
212 0
173 1
46 0
47 1
169 1
51 1
158 0
24 0
81 1
143 1
134 0
49 1
6 0
184 0
173 1
30 0
245 1
170 0
179 1
130 0
240 0
79 1
5 1
206 0
111 1
224 0
160 0
177 1
55 1
39 1
159 1
13 1
213 1
206 0
61 1
128 0
4 0
220 0
154 0
86 0
110 0
34 0
137 1
117 1
220 0
57 1
148 0
212 0
228 0
73 1
88 0
214 0
154 0
95 1
167 1
11 1
66 0
74 0
189 1
122 0
114 0
94 0
136 0
74 0
47 1
199 1
203 1
53 1
166 0
104 0
141 1
22 0
140 0
24 0
140 0
107 1
83 1
35 1
65 1
57 1
110 0
154 0
18 0
10 0
251 1
186 0
22 0
63 1
6 0
212 0
186 0
122 0
53 1
69 1
197 1
102 0
14 0
147 1
156 0
182 0
252 0
44 0
205 1
138 0
70 0
92 0
246 0
154 0
128 0
58 0
212 0
239 1
213 1
232 0
250 0
211 1
165 1
19 1
20 0
172 0
232 0
208 0
41 1
32 0
23 1
239 1
135 1
39 1
132 0
38 0
222 0
131 1
83 1
174 0
16 0
155 1
12 0
9 1
55 1
142 0
68 0
14 0
127 1
28 0
247 1
124 0
240 0
158 0
144 0
6 0
77 1
123 1
215 1
119 1
156 0
240 0
105 1
38 0
25 1
239 1
77 1
249 1
116 0
162 0
170 0
133 1
64 0
184 0
143 1
120 0
72 0
212 0
136 0
200 0
241 1
130 0
71 1
228 0
35 1
216 0
235 1
114 0
85 1
197 1
234 0
243 1
183 1
86 0
27 1
210 0
71 1
106 0
206 0
188 0
15 1
123 1
68 0
80 0
53 1
212 0
201 1
126 0
171 1
84 0
73 1
159 1
215 1
145 1
133 1
251 1
107 1
114 0
111 1
194 0
58 0
92 0
183 1
242 0
179 1
212 0
199 1
252 0
64 0
152 0
186 0
80 0
21 1
0 0
161 1
75 1
214 0
109 1
203 1
131 1
194 0
22 0
36 0
155 1
169 1
171 1
152 0
23 1
32 0
10 0
218 0
91 1
104 0
148 0
80 0
29 1
106 0
26 0
27 1
172 0
179 1
215 1
253 1
201 1
217 1
160 0
23 1
177 1
15 1
227 1
55 1
211 1
251 1
93 1
112 0
167 1
10 0
11 1
191 1
43 1
22 0
156 0
135 1
127 1
51 1
216 0
158 0
158 0
243 1
187 1
76 0
169 1
149 1
76 0
117 1
112 0
238 0
141 1
35 1
0 0
115 1
91 1
212 0
113 1
186 0
70 0
26 0
197 1
83 1
218 0
241 1
106 0
120 0
123 1
235 1
173 1
86 0
140 0
77 1
76 0
74 0
155 1
246 0
224 0
233 1
109 1
82 0
217 1
252 0
119 1
218 0
113 1
212 0
176 0
227 1
144 0
247 1
0 0
87 1
76 0
219 1
75 1
184 0
86 0
199 1
166 0
5 1
31 1
53 1
84 0
109 1
128 0
241 1
101 1
98 0
220 0
212 0
182 0
183 1
210 0
47 1
147 1
70 0
6 0
69 1
43 1
151 1
63 1
44 0
240 0
141 1
10 0
61 1
71 1
97 1
7 1
239 1
103 1
40 0
38 0
189 1
150 0
168 0
176 0
252 0
12 0
142 0
211 1
196 0
71 1
167 1
244 0
219 1
239 1
252 0
34 0
29 1
149 1
99 1
74 0
136 0
241 1
85 1
198 0
59 1
184 0
207 1
44 0
34 0
248 0
84 0
224 0
144 0
253 1
146 0
143 1
12 0
34 0
101 1
209 1
107 1
14 0
200 0
72 0
0 0
198 0
108 0
30 0
94 0
208 0
105 1
231 1
195 1
192 0
176 0
0 0
123 1
129 1
46 0
158 0
124 0
131 1
129 1
15 1
131 1
21 1
159 1
145 1
57 1
6 0
100 0
165 1
22 0
47 1
239 1
23 1
247 1
94 0
55 1
88 0
49 1
162 0
65 1
245 1
100 0
243 1
247 1
225 1
119 1
40 0
129 1
244 0
173 1
4 0
5 1
50 0
27 1
166 0
197 1
86 0
174 0
43 1
253 1
198 0
92 0
238 0
223 1
85 1
79 1
24 0
175 1
129 1
187 1
242 0
121 1
34 0
231 1
114 0
5 1
97 1
156 0
136 0
87 1
75 1
142 0
94 0
127 1
170 0
7 1
70 0
2 0
183 1
115 1
1 1
128 0
209 1
241 1
98 0
41 1
67 1
123 1
217 1
197 1
57 1
205 1
64 0
93 1
182 0
180 0
100 0
26 0
82 0
237 1
114 0
159 1
125 1
210 0
32 0
42 0
219 1
104 0
45 1
148 0
221 1
48 0
23 1
176 0
36 0
122 0
218 0
104 0
247 1
181 1
47 1
51 1
133 1
113 1
145 1
62 0
39 1
247 1
89 1
122 0
230 0
205 1
28 0
102 0
161 1
62 0
145 1
127 1
167 1
192 0
22 0
135 1
242 0
46 0
57 1
25 1
169 1
22 0
130 0
163 1
205 1
179 1
215 1
84 0
38 0
107 1
147 1
79 1
100 0
238 0
203 1
76 0
189 1
232 0
180 0
97 1
40 0
72 0
225 1
209 1
10 0
248 0
90 0
253 1
41 1
149 1
24 0
212 0
173 1
156 0
121 1
124 0
82 0
82 0
210 0
122 0
191 1
104 0
202 0
37 1
88 0
151 1
115 1
23 1
130 0
41 1
121 1
172 0
114 0
93 1
127 1
126 0
87 1
219 1
126 0
130 0
115 1
152 0
88 0
34 0
54 0
210 0
159 1
138 0
39 1
116 0
6 0
231 1
221 1
210 0
14 0
55 1
107 1
131 1
80 0
239 1
174 0
202 0
157 1
34 0
42 0
31 1
162 0
131 1
251 1
34 0
7 1
112 0
187 1
96 0
148 0
243 1
53 1
54 0
127 1
93 1
171 1
135 1
71 1
138 0
91 1
87 1
194 0
200 0
219 1
20 0
186 0
139 1
224 0
89 1
175 1
12 0
121 1
83 1
144 0
119 1
119 1
152 0
232 0
52 0
250 0
127 1
42 0
49 1
182 0
171 1
144 0
99 1
52 0
216 0
238 0
145 1
49 1
179 1
92 0
15 1
200 0
24 0
155 1
171 1
114 0
77 1
185 1
236 0
162 0
76 0
101 1
27 1
230 0
80 0
80 0
226 0
209 1
123 1
21 1
137 1
40 0
166 0
237 1
94 0
129 1
221 1
241 1
179 1
147 1
79 1
195 1
94 0
104 0
97 1
11 1
220 0
176 0
198 0
203 1
84 0
20 0
51 1
112 0
251 1
133 1
193 1
224 0
88 0
63 1
246 0
226 0
105 1
159 1
209 1
201 1
35 1
177 1
188 0
215 1
70 0
14 0
157 1
165 1
119 1
1 1
178 0
85 1
178 0
122 0
35 1
8 0
144 0
87 1
121 1
141 1
221 1
61 1
111 1
55 1
126 0
104 0
27 1
233 1
10 0
238 0
180 0
46 0
161 1
115 1
8 0
233 1
130 0
166 0
145 1
251 1
169 1
69 1
82 0
94 0
193 1
118 0
103 1
83 1
207 1
226 0
226 0
174 0
34 0
83 1
230 0
161 1
189 1
3 1
141 1
200 0
243 1
67 1
248 0
150 0
184 0
2 0
130 0
60 0
170 0
22 0
57 1
85 1
92 0
141 1
180 0
32 0
6 0
30 0
117 1
214 0
3 1
89 1
134 0
38 0
174 0
111 1
201 1
109 1
115 1
88 0
56 0
105 1
157 1
50 0
2 0
87 1
54 0
133 1
149 1
225 1
156 0
208 0
56 0
250 0
95 1
238 0
29 1
103 1
15 1
147 1
63 1
19 1
237 1
199 1
58 0
158 0
56 0
6 0
13 1
173 1
95 1
71 1
24 0
0 0
123 1
27 1
88 0
178 0
162 0
238 0
149 1
64 0
192 0
207 1
61 1
34 0
192 0
91 1
138 0
208 0
240 0
202 0
228 0
223 1
147 1
32 0
127 1
205 1
39 1
142 0
124 0
136 0
214 0
149 1
137 1
83 1
178 0
226 0
8 0
86 0
210 0
158 0
152 0
149 1
112 0
215 1
184 0
50 0
52 0
68 0
4 0
38 0
17 1
233 1
8 0
166 0
12 0
137 1
117 1
53 1
26 0
243 1
191 1
241 1
139 1
74 0
71 1
63 1
47 1
81 1
151 1
4 0
240 0
50 0
154 0
99 1
11 1
85 1
150 0
64 0
155 1
156 0
104 0
173 1
135 1
114 0
86 0
149 1
253 1
205 1
204 0
25 1
194 0
141 1
13 1
80 0
217 1
86 0
145 1
10 0
168 0
42 0
15 1
155 1
93 1
171 1
0 0
106 0
2 0
151 1
172 0
159 1
53 1
22 0
79 1
190 0
138 0
166 0
86 0
137 1
118 0
36 0
163 1
58 0
179 1
177 1
140 0
143 1
10 0
31 1
155 1
179 1
75 1
172 0
80 0
169 1
89 1
81 1
21 1
93 1
234 0
194 0
253 1
33 1
218 0
78 0
225 1
103 1
246 0
58 0
241 1
110 0
95 1
151 1
170 0
21 1
75 1
56 0
166 0
86 0
88 0
67 1
12 0
164 0
240 0
93 1
80 0
76 0
176 0
103 1
171 1
156 0
44 0
170 0
191 1
9 1
250 0
162 0
114 0
243 1
221 1
102 0
100 0
63 1
0 0
16 0
86 0
76 0
74 0
0 0
164 0
163 1
68 0
177 1
74 0
55 1
16 0
156 0
132 0
193 1
6 0
49 1
96 0
52 0
221 1
33 1
63 1
218 0
197 1
178 0
208 0
165 1
26 0
54 0
230 0
27 1
71 1
62 0
104 0
146 0
63 1
14 0
56 0
132 0
192 0
132 0
188 0
210 0
35 1
66 0
149 1
42 0
117 1
246 0
96 0
85 1
26 0
160 0
50 0
224 0
84 0
4 0
135 1
112 0
59 1
111 1
140 0
132 0
175 1
245 1
25 1
239 1
5 1
82 0
117 1
199 1
216 0
51 1
155 1
252 0
119 1
51 1
41 1
238 0
44 0
138 0
69 1
71 1
44 0
121 1
42 0
130 0
126 0
178 0
243 1
187 1
36 0
129 1
66 0
212 0
121 1
92 0
198 0
128 0
176 0
62 0
73 1
139 1
114 0
230 0
137 1
235 1
27 1
180 0
219 1
73 1
64 0
35 1
146 0
110 0
157 1
189 1
242 0
30 0
114 0
232 0
219 1
151 1
107 1
32 0
110 0
230 0
126 0
54 0
104 0
48 0
117 1
179 1
189 1
233 1
155 1
73 1
215 1
184 0
0 0
180 0
3 1
64 0
217 1
150 0
176 0
121 1
85 1
164 0
153 1
201 1
143 1
119 1
98 0
252 0
152 0
209 1
228 0
24 0
10 0
78 0
74 0
129 1
4 0
9 1
109 1
160 0
84 0
70 0
90 0
84 0
252 0
95 1
150 0
215 1
246 0
72 0
83 1
78 0
238 0
237 1
25 1
127 1
103 1
125 1
125 1
1 1
81 1
100 0
27 1
93 1
179 1
103 1
223 1
184 0
114 0
78 0
91 1
199 1
150 0
183 1
29 1
148 0
24 0
180 0
110 0
17 1
0 0
194 0
97 1
239 1
178 0
124 0
113 1
28 0
250 0
240 0
30 0
78 0
86 0
59 1
172 0
12 0
164 0
141 1
198 0
24 0
221 1
35 1
225 1
117 1
219 1
1 1
12 0
245 1
183 1
123 1
8 0
183 1
64 0
107 1
169 1
244 0
232 0
28 0
18 0
229 1
15 1
50 0
53 1
102 0
111 1
226 0
115 1
21 1
114 0
60 0
47 1
81 1
96 0
18 0
200 0
62 0
20 0
214 0
54 0
204 0
84 0
64 0
134 0
149 1
172 0
50 0
140 0
150 0
80 0
159 1
125 1
96 0
211 1
179 1
199 1
68 0
151 1
61 1
90 0
11 1
122 0
139 1
94 0
220 0
158 0
41 1
29 1
180 0
1 1
84 0
131 1
86 0
149 1
12 0
237 1
67 1
63 1
123 1
219 1
144 0
29 1
90 0
241 1
241 1
16 0
187 1
55 1
169 1
249 1
147 1
182 0
117 1
33 1
22 0
84 0
193 1
65 1
114 0
119 1
67 1
200 0
252 0
155 1
95 1
10 0
138 0
164 0
74 0
7 1
129 1
219 1
38 0
221 1
207 1
25 1
238 0
140 0
82 0
153 1
135 1
231 1
81 1
0 0
10 0
105 1
85 1
204 0
171 1
200 0
70 0
240 0
146 0
68 0
141 1
243 1
79 1
25 1
154 0
155 1
34 0
29 1
121 1
73 1
252 0
74 0
99 1
236 0
215 1
183 1
136 0
97 1
160 0
219 1
98 0
171 1
71 1
184 0
122 0
243 1
131 1
193 1
230 0
24 0
7 1
117 1
14 0
87 1
143 1
169 1
243 1
179 1
200 0
110 0
253 1
198 0
186 0
99 1
181 1
148 0
28 0
64 0
247 1
190 0
29 1
91 1
107 1
101 1
22 0
231 1
91 1
154 0
170 0
68 0
180 0
179 1
186 0
195 1
13 1
75 1
111 1
3 1
1 1
57 1
115 1
0 0
1 1
47 1
100 0
183 1
196 0
130 0
248 0
189 1
66 0
24 0
27 1
175 1
127 1
50 0
152 0
220 0
206 0
69 1
34 0
133 1
249 1
221 1
75 1
8 0
43 1
187 1
12 0
45 1
245 1
128 0
47 1
248 0
177 1
148 0
178 0
119 1
25 1
173 1
55 1
92 0
198 0
84 0
13 1
72 0
136 0
167 1
39 1
88 0
237 1
74 0
223 1
232 0
42 0
44 0
242 0
87 1
232 0
1 1
134 0
223 1
130 0
182 0
218 0
54 0
77 1
142 0
175 1
103 1
61 1
232 0
197 1
6 0
62 0
211 1
79 1
199 1
124 0
120 0
34 0
108 0
195 1
3 1
87 1
239 1
48 0
75 1
73 1
27 1
77 1
208 0
252 0
209 1
137 1
216 0
10 0
216 0
104 0
186 0
66 0
166 0
164 0
9 1
174 0
227 1
222 0
0 0
173 1
93 1
120 0
208 0
202 0
62 0
213 1
35 1
48 0
7 1
112 0
122 0
35 1
191 1
77 1
34 0
147 1
216 0
251 1
158 0
178 0
101 1
91 1
245 1
14 0
1 1
1 1
189 1
230 0
225 1
190 0
149 1
64 0
57 1
103 1
13 1
121 1
62 0
50 0
170 0
71 1
163 1
39 1
108 0
101 1
117 1
143 1
250 0
80 0
140 0
154 0
4 0
243 1
246 0
251 1
3 1
249 1
0 0
194 0
225 1
225 1
130 0
120 0
36 0
189 1
225 1
50 0
56 0
33 1
101 1
228 0
106 0
11 1
13 1
215 1
113 1
132 0
105 1
109 1
213 1
246 0
10 0
219 1
236 0
3 1
217 1
240 0
253 1
217 1
181 1
224 0
188 0
57 1
91 1
225 1
248 0
62 0
22 0
50 0
97 1
124 0
25 1
204 0
137 1
40 0
165 1
252 0
173 1
16 0
107 1
133 1
9 1
119 1
99 1
246 0
124 0
62 0
233 1
123 1
25 1
160 0
94 0
215 1
219 1
187 1
187 1
213 1
250 0
210 0
10 0
93 1
80 0
36 0
43 1
218 0
77 1
210 0
217 1
252 0
228 0
70 0
132 0
239 1
191 1
232 0
232 0
61 1
40 0
211 1
186 0
67 1
118 0
27 1
28 0
84 0
215 1
217 1
43 1
212 0
173 1
55 1
52 0
0 0
93 1
96 0
220 0
171 1
53 1
183 1
170 0
27 1
0 0
49 1
13 1
192 0
27 1
246 0
0 0
69 1
204 0
188 0
138 0
68 0
217 1
168 0
153 1
179 1
131 1
198 0
137 1
50 0
0 0
190 0
52 0
94 0
33 1
18 0
12 0
87 1
202 0
184 0
116 0
203 1
234 0
131 1
142 0
8 0
123 1
144 0
78 0
73 1
79 1
218 0
143 1
42 0
132 0
43 1
222 0
9 1
242 0
106 0
61 1
244 0
42 0
114 0
84 0
77 1
134 0
98 0
166 0
82 0
28 0
29 1
32 0
8 0
161 1
176 0
18 0
30 0
67 1
97 1
105 1
147 1
61 1
249 1
191 1
195 1
38 0
160 0
205 1
27 1
12 0
13 1
17 1
56 0
129 1
103 1
135 1
9 1
202 0
47 1
93 1
232 0
77 1
126 0
242 0
240 0
49 1
6 0
16 0
118 0
105 1
122 0
12 0
168 0
118 0
204 0
109 1
157 1
111 1
61 1
185 1
124 0
75 1
203 1
182 0
205 1
53 1
63 1
216 0
2 0
112 0
55 1
235 1
190 0
183 1
224 0
177 1
233 1
231 1
194 0
97 1
83 1
63 1
111 1
252 0
182 0
61 1
107 1
86 0
173 1
169 1
17 1
44 0
246 0
222 0
227 1
198 0
21 1
37 1
160 0
24 0
150 0
216 0
6 0
87 1
145 1
231 1
10 0
125 1
209 1
206 0
224 0
38 0
16 0
81 1
37 1
200 0
143 1
146 0
32 0
63 1
61 1
51 1
109 1
54 0
19 1
83 1
253 1
42 0
121 1
159 1
68 0
18 0
122 0
76 0
106 0
13 1
53 1
118 0
139 1
9 1
70 0
109 1
49 1
87 1
191 1
87 1
34 0
81 1
234 0
67 1
146 0
42 0
119 1
1 1
98 0
140 0
86 0
97 1
184 0
209 1
3 1
253 1
228 0
127 1
75 1
81 1
141 1
130 0
200 0
27 1
140 0
17 1
138 0
191 1
106 0
75 1
25 1
141 1
158 0
6 0
209 1
51 1
50 0
75 1
54 0
149 1
217 1
141 1
248 0
147 1
96 0
253 1
146 0
71 1
126 0
223 1
153 1
14 0
99 1
99 1
42 0
241 1
117 1
182 0
179 1
224 0
3 1
205 1
112 0
163 1
213 1
68 0
215 1
9 1
144 0
16 0
160 0
108 0
158 0
154 0
1 1
1 1
154 0
149 1
73 1
26 0
119 1
228 0
42 0
219 1
74 0
86 0
207 1
193 1
14 0
132 0
164 0
19 1
84 0
22 0
184 0
43 1
91 1
146 0
54 0
237 1
163 1
215 1
92 0
68 0
115 1
95 1
70 0
16 0
245 1
145 1
44 0
111 1
119 1
87 1
77 1
195 1
175 1
30 0
134 0
190 0
164 0
44 0
210 0
250 0
68 0
141 1
39 1
161 1
33 1
94 0
144 0
197 1
56 0
237 1
11 1
173 1
78 0
83 1
190 0
70 0
229 1
235 1
182 0
95 1
69 1
5 1
36 0
245 1
37 1
172 0
181 1
203 1
218 0
138 0
199 1
32 0
25 1
240 0
194 0
59 1
81 1
85 1
3 1
138 0
69 1
15 1
57 1
149 1
99 1
248 0
220 0
75 1
230 0
149 1
171 1
45 1
156 0
209 1
37 1
195 1
127 1
219 1
144 0
91 1
104 0
90 0
125 1
131 1
76 0
66 0
192 0
158 0
152 0
196 0
43 1
222 0
212 0
101 1
117 1
58 0
96 0
84 0
134 0
73 1
234 0
52 0
120 0
137 1
8 0
158 0
78 0
136 0
123 1
224 0
229 1
229 1
60 0
101 1
106 0
137 1
168 0
44 0
42 0
66 0
242 0
86 0
35 1
200 0
189 1
154 0
5 1
32 0
239 1
141 1
106 0
220 0
195 1
227 1
103 1
204 0
131 1
183 1
87 1
1 1
153 1
63 1
231 1
214 0
165 1
84 0
98 0
80 0
130 0
141 1
148 0
118 0
228 0
184 0
65 1
164 0
84 0
71 1
197 1
70 0
214 0
49 1
36 0
155 1
23 1
141 1
105 1
155 1
70 0
194 0
158 0
225 1
3 1
135 1
185 1
170 0
221 1
29 1
251 1
97 1
172 0
145 1
216 0
147 1
75 1
27 1
57 1
161 1
100 0
0 0
232 0
60 0
51 1
15 1
217 1
75 1
157 1
69 1
231 1
229 1
9 1
136 0
200 0
14 0
18 0
132 0
185 1
240 0
163 1
182 0
83 1
81 1
73 1
46 0
230 0
150 0
75 1
33 1
58 0
176 0
34 0
36 0
238 0
86 0
53 1
202 0
163 1
212 0
17 1
141 1
188 0
28 0
23 1
135 1
43 1
42 0
13 1
229 1
28 0
178 0
157 1
113 1
6 0
232 0
160 0
237 1
128 0
236 0
16 0
187 1
159 1
52 0
225 1
144 0
140 0
25 1
92 0
49 1
238 0
110 0
191 1
172 0
139 1
215 1
53 1
183 1
3 1
68 0
159 1
33 1
247 1
62 0
147 1
0 0
40 0
54 0
238 0
170 0
37 1
1 1
104 0
198 0
55 1
75 1
88 0
196 0
101 1
181 1
247 1
86 0
38 0
184 0
4 0
179 1
146 0
59 1
109 1
150 0
128 0
14 0
185 1
122 0
78 0
78 0
123 1
120 0
134 0
108 0
36 0
173 1
111 1
141 1
117 1
167 1
218 0
206 0
110 0
66 0
134 0
103 1
153 1
174 0
34 0
159 1
99 1
181 1
219 1
210 0
78 0
94 0
225 1
